
Code Region: addresses 0 to 49
Address   || 
00000000  ||  FFFFFE00  ||  00000100  ||  00000004  ||  00000400
00000004  ||  FFFFFF00  ||  00000006  ||  FFFFFF05  ||  FFFFFC00
00000008  ||  00000005  ||  00000000  ||  00000403  ||  00000000
0000000C  ||  00000004  ||  00000103  ||  00000203  ||  00000100
00000010  ||  00000003  ||  00000002  ||  FFFFFA01  ||  00000110
00000014  ||  00001B11  ||  00000402  ||  00000002  ||  00000006
00000018  ||  00000004  ||  00000303  ||  00000102  ||  00000302
0000001C  ||  00000006  ||  00000103  ||  00000102  ||  00000302
00000020  ||  00000007  ||  00000310  ||  0000020F  ||  00000302
00000024  ||  00000103  ||  00000202  ||  00000102  ||  00000007
00000028  ||  00000310  ||  0000020F  ||  00000102  ||  00000203
0000002C  ||  00000002  ||  00000101  ||  00000003  ||  FFFFE111
00000030  ||  00000202  ||  00000012
No data written beyond code
