
Code Region: addresses 0 to 65
Address   || 
00000000  ||  00000006  ||  00000000  ||  00000006  ||  00000006
00000004  ||  00000000  ||  00000006  ||  00000001  ||  00000100
00000008  ||  00000005  ||  00000000  ||  00000403  ||  00000000
0000000C  ||  00000004  ||  00000103  ||  00000000  ||  00000104
00000010  ||  00000203  ||  00000102  ||  00000202  ||  00000007
00000014  ||  00000710  ||  0000060F  ||  00000102  ||  00000303
00000018  ||  00000202  ||  00000103  ||  00000302  ||  00000203
0000001C  ||  00000200  ||  00000003  ||  00000002  ||  FFFFFA01
00000020  ||  00000110  ||  00001E11  ||  00000402  ||  00000002
00000024  ||  00000006  ||  00000004  ||  00000303  ||  00000102
00000028  ||  00000302  ||  00000007  ||  00000610  ||  0000050F
0000002C  ||  00000102  ||  00000203  ||  00000302  ||  00000103
00000030  ||  00000B11  ||  00000202  ||  00000302  ||  00000007
00000034  ||  00000710  ||  0000060F  ||  00000102  ||  00000302
00000038  ||  00000007  ||  0000020F  ||  00000302  ||  00000203
0000003C  ||  00000002  ||  00000101  ||  00000003  ||  FFFFDE11
00000040  ||  00000202  ||  00000012
No data written beyond code
